truck_1:speed_35
route:[0, 7, 22, 11, 26, 15, 30, 4, 19, 0]
time_line:[0, 1.748225166721226, 1.7547398894713444, 1.8812602710934798, 1.9601277745756478, 2.089677426756305, 2.1520579270132285, 2.9643267903446096, 3.0505081102539164, 3.1017894620406032]
capacity_line:[0, 0.5848775420083756, 0.0, 0.5893913346828851, 0.0, 0.660067921054967, 0.0, 0.6817573862989399, 0.0, 0.0]
travel_distance_line_of_route:[0, 0.2218507269757125, 0.44986602322985125, 4.878079380004593, 7.638442001880472, 12.17267982820347, 14.35599733719579, 18.595983785188444, 21.612329982014188, 23.407177294548227]

truck_2:speed_35
route:[0, 12, 27, 13, 28, 0]
time_line:[0, 0.16155130193422554, 0.1625444593508429, 0.42659894452803515, 0.5571518616762674, 0.652204743704654]
capacity_line:[0, 0.6787118257016768, 0.0, 0.642610790789975, 0.0, 0.0]
travel_distance_line_of_route:[0, 4.774361015361038, 4.809121524942645, 14.051028506144375, 18.620380606332503, 21.947231477326035]

truck_5:speed_35
route:[0, 10, 25, 14, 29, 8, 23, 9, 24, 1, 16, 3, 18, 5, 20, 6, 21, 2, 17, 0]
time_line:[0, 0.925816018370382, 0.9413594311698176, 1.0895952337687065, 1.1197045679028164, 1.2446376827926886, 1.3339276971276848, 1.3803148931208586, 1.4079670401882833, 1.439774416645004, 1.5011581794596833, 1.564406389387059, 1.66856993211478, 1.7696773502896428, 1.8113310283414181, 1.9616854289982018, 2.0884023212998333, 3.359135123909246, 3.4868291949339136, 3.6781080473930525]
capacity_line:[0, 0.6773228293763598, 0.0, 0.6242430149057276, 0.0, 0.5732331867523147, 0.0, 0.6240306232365687, 0.0, 0.6030740298845101, 0.0, 0.6016233072346634, 0.0, 0.6506711402886366, 0.0, 0.5095365949467885, 0.0, 0.5574371569570533, 0.0, 0.0]
travel_distance_line_of_route:[0, 3.613007219461446, 4.157026667441691, 9.345279758402803, 10.399106453096651, 10.950751387198801, 14.075901888923669, 15.699453748684757, 16.667278896044625, 17.780537072029844, 19.928968770543623, 22.14265611800177, 25.788380113472, 29.3271397495922, 30.785018481404336, 36.04742250439177, 40.48251373494887, 44.07599228324204, 48.54528476910539, 55.24004460517526]

