truck_3:speed_35
route:[0, 13, 28, 9, 24, 3, 18, 5, 20, 15, 30, 7, 22, 4, 19, 0]
time_line:[0, 0.21218708074698134, 0.3427399978952136, 1.1868141181023677, 1.2144662651697924, 1.2704030144339535, 1.3745665571616745, 1.4756739753365373, 1.5173276533883127, 2.0860440928504733, 2.148424593107397, 2.239337210463891, 2.245851933214009, 2.9643267903446096, 3.0505081102539164, 3.1017894620406032]
capacity_line:[0, 0.642610790789975, 0.0, 0.6240306232365687, 0.0, 0.6016233072346634, 0.0, 0.6506711402886366, 0.0, 0.660067921054967, 0.0, 0.5848775420083756, 0.0, 0.6817573862989399, 0.0, 0.0]
travel_distance_line_of_route:[0, 4.462285183932097, 9.031637284120226, 9.760828209800861, 10.728653357160729, 12.518706451465052, 16.164430446935285, 19.703190083055482, 21.16106881486762, 24.63749241821721, 26.820809927209528, 30.00275153468682, 30.23076683094096, 31.902490548421603, 34.91883674524735, 36.71368405778138]

truck_4:speed_35
route:[0, 10, 25, 14, 29, 11, 26, 0]
time_line:[0, 0.925816018370382, 0.9413594311698176, 1.0895952337687065, 1.1197045679028164, 1.6545243028088883, 1.7333918062910563, 1.9283283504923]
capacity_line:[0, 0.6773228293763598, 0.0, 0.6242430149057276, 0.0, 0.5893913346828851, 0.0, 0.0]
travel_distance_line_of_route:[0, 3.613007219461446, 4.157026667441691, 9.345279758402803, 10.399106453096651, 19.04482843483121, 21.805191056707088, 28.627970103750627]

truck_6:speed_35
route:[0, 12, 27, 8, 23, 1, 16, 6, 21, 2, 17, 0]
time_line:[0, 0.16155130193422554, 0.1625444593508429, 1.2446376827926886, 1.3339276971276848, 1.3462441751948002, 1.4076279380094796, 1.5929227951364302, 1.7196396874380615, 3.359135123909246, 3.4868291949339136, 3.6781080473930525]
capacity_line:[0, 0.6787118257016768, 0.0, 0.5732331867523147, 0.0, 0.6030740298845101, 0.0, 0.5095365949467885, 0.0, 0.5574371569570533, 0.0, 0.0]
travel_distance_line_of_route:[0, 4.774361015361038, 4.809121524942645, 9.671700612470918, 12.796851114195785, 13.227927846544823, 15.376359545058602, 21.861679544501875, 26.29677077505897, 29.89024932335214, 34.3595418092155, 41.05430164528537]

