truck_1:speed_35
route:[0, 9, 19, 7, 17, 8, 18, 0]
time_line:[0, 1.3785076188456842, 1.4020569439337205, 1.5049285918682476, 1.5575285279686917, 2.7410116221784544, 2.8449511960365843, 2.86982579782578]
capacity_line:[0, 0.6738389400927218, 0.0, 0.7314412291889251, 0.0, 0.6004173154009718, 0.0, 0.0]
travel_distance_line_of_route:[0, 2.286834778891171, 3.1110611569724416, 4.090066245860029, 5.931064009375575, 6.520484071226127, 10.158369156260667, 11.028980218882522]

truck_3:speed_35
route:[0, 2, 12, 3, 13, 0]
time_line:[0, 1.6625990805450777, 1.760387233613407, 3.3612729304195708, 3.3740048883488996, 3.406680288218904]
capacity_line:[0, 0.5294656563110894, 0.0, 0.7232724717119364, 0.0, 0.0]
travel_distance_line_of_route:[0, 2.5547987562172345, 5.977384113608762, 8.015841708791863, 8.46146023631837, 9.605099231768525]

truck_4:speed_35
route:[0, 1, 11, 0]
time_line:[0, 3.2919936421566858, 3.406048338498465, 3.4898345692931843]
capacity_line:[0, 0.6289302548269184, 0.0, 0.0]
travel_distance_line_of_route:[0, 2.8065324635972866, 6.798446835559565, 9.730964913374743]

truck_6:speed_35
route:[0, 10, 20, 4, 14, 5, 15, 0]
time_line:[0, 1.4542869380546537, 1.5338703039081323, 1.956743007200329, 2.013546646633465, 2.9792117278005565, 3.004755086727805, 3.020603186054362]
capacity_line:[0, 0.649899084292574, 0.0, 0.5795279774447186, 0.0, 0.6736195070105919, 0.0, 0.0]
travel_distance_line_of_route:[0, 2.1237826552111922, 4.909200460082944, 5.935925247381249, 7.924052627541004, 9.173777776694873, 10.067795339148567, 10.62247881557808]

