truck_1:speed_35
route:[0, 8, 18, 2, 12, 3, 13, 4, 14, 0]
time_line:[0, 1.3713181421936111, 1.4733662410067412, 1.5549044590017318, 1.5907705904926042, 1.6090510232435216, 1.6773990527403886, 2.2192048510266917, 2.307818665451294, 2.3758906232597585]
capacity_line:[0, 0.5815778376913749, 0.0, 0.6948048912532968, 0.0, 0.616481891944823, 0.0, 0.638079770743118, 0.0, 0.0]
travel_distance_line_of_route:[0, 2.6552271029571153, 6.226910561416667, 7.213968997797844, 8.469283599978379, 9.10909874626049, 11.501279778650835, 12.84555060334204, 15.947034108203125, 18.329552631499368]

truck_4:speed_35
route:[0, 6, 16, 7, 17, 9, 19, 1, 11, 5, 15, 10, 20, 0]
time_line:[0, 0.14390338857863896, 0.15298530029370455, 1.7145006846821846, 1.7982304008557437, 2.7148587053778868, 2.7856198862859194, 3.1655137460883545, 3.200382246101506, 3.4269729870950725, 3.4709163867815436, 3.5575106417893325, 3.6282042607841736, 3.6712740995407236]
capacity_line:[0, 0.5172376026873082, 0.0, 0.5372525300133969, 0.0, 0.6609554648405508, 0.0, 0.5951489146066844, 0.0, 0.5498042717418224, 0.0, 0.6772445225602063, 0.0, 0.0]
travel_distance_line_of_route:[0, 1.352522457763971, 1.6703893677912667, 4.507375687997819, 7.437915754072387, 8.890825543132442, 11.367466874913578, 14.023855565147793, 15.244253065608104, 15.894558495663425, 17.432577484689915, 20.463376409962535, 22.93765307478197, 24.445097431261228]

