truck_2:speed_35
route:[0, 7, 17, 9, 19, 10, 20, 1, 11, 5, 15, 0]
time_line:[0, 1.747834018015518, 1.8815637341890772, 2.74819203871122, 2.8689532196192524, 3.444471989649818, 3.565165608644659, 3.5997684162751336, 3.684636916288285, 3.736550404766056, 3.830493804452527, 3.87879198898117]
capacity_line:[0, 0.5372525300133969, 0.0, 0.6609554648405508, 0.0, 0.6772445225602063, 0.0, 0.5951489146066844, 0.0, 0.5498042717418224, 0.0, 0.0]
travel_distance_line_of_route:[0, 2.934393441202216, 5.864933507276784, 7.317843296336838, 9.794484628117974, 13.18486920048721, 15.659145865306646, 15.703577465706598, 16.92397496616691, 17.574280396222232, 19.112299385248722, 20.80273584375123]

truck_3:speed_35
route:[0, 6, 16, 8, 18, 2, 12, 3, 13, 4, 14, 0]
time_line:[0, 0.1772367219119723, 0.23631863362703787, 1.4046514755269446, 1.5566995743400747, 1.6182345772842988, 1.7041007087751712, 1.755714474859422, 1.874062504356289, 2.252538184360025, 2.3911519987846273, 2.4592239565930916]
capacity_line:[0, 0.5172376026873082, 0.0, 0.5815778376913749, 0.0, 0.6948048912532968, 0.0, 0.616481891944823, 0.0, 0.638079770743118, 0.0, 0.0]
travel_distance_line_of_route:[0, 1.352522457763971, 1.6703893677912667, 5.807495008013734, 9.379178466473286, 10.366236902854462, 11.621551505034997, 12.261366651317108, 14.653547683707453, 15.997818508398659, 19.099302013259745, 21.481820536555986]

