truck_1:speed_35
route:[0, 2, 12, 3, 13, 9, 19, 0]
time_line:[0, 1.5882377923350652, 1.6741039238259376, 1.7257176899101885, 1.8440657194070555, 2.74819203871122, 2.8689532196192524, 2.9239236274981915]
capacity_line:[0, 0.6948048912532968, 0.0, 0.616481891944823, 0.0, 0.6609554648405508, 0.0, 0.0]
travel_distance_line_of_route:[0, 1.2683096916595562, 2.523624293840091, 3.1634394401222012, 5.555620472512547, 9.912340432144845, 12.388981763925981, 14.312946039688843]

truck_2:speed_35
route:[0, 6, 16, 7, 17, 4, 14, 10, 20, 1, 11, 0]
time_line:[0, 0.1772367219119723, 0.23631863362703787, 1.747834018015518, 1.8815637341890772, 2.252538184360025, 2.3911519987846273, 3.444471989649818, 3.565165608644659, 3.5997684162751336, 3.684636916288285, 3.711306714085948]
capacity_line:[0, 0.5172376026873082, 0.0, 0.5372525300133969, 0.0, 0.638079770743118, 0.0, 0.6772445225602063, 0.0, 0.5951489146066844, 0.0, 0.0]
travel_distance_line_of_route:[0, 1.352522457763971, 1.6703893677912667, 4.507375687997819, 7.437915754072387, 9.041908512426595, 12.14339201728768, 15.981089264689874, 18.455365929509313, 18.499797529909262, 19.720195030369574, 20.653637953287788]

truck_3:speed_35
route:[0, 8, 18, 5, 15, 0]
time_line:[0, 1.4046514755269446, 1.5566995743400747, 3.4603063204284057, 3.5542497201148766, 3.6025479046435196]
capacity_line:[0, 0.5815778376913749, 0.0, 0.5498042717418224, 0.0, 0.0]
travel_distance_line_of_route:[0, 2.6552271029571153, 6.226910561416667, 7.972591583560579, 9.510610572587069, 11.20104703108958]

