truck_1:speed_35
route:[0, 8, 18, 2, 12, 0]
time_line:[0, 1.3713181421936111, 1.4733662410067412, 1.5549044590017318, 1.5907705904926042, 1.5915180549867665]
capacity_line:[0, 0.5815778376913749, 0.0, 0.6948048912532968, 0.0, 0.0]
travel_distance_line_of_route:[0, 2.6552271029571153, 6.226910561416666, 7.213968997797843, 8.469283599978377, 8.495444857274055]

truck_4:speed_35
route:[0, 6, 16, 7, 17, 3, 13, 4, 14, 9, 19, 10, 20, 1, 11, 5, 15, 0]
time_line:[0, 0.14390338857863896, 0.15298530029370455, 1.7145006846821846, 1.7982304008557437, 1.8161963003565553, 1.8845443298534224, 2.2192048510266917, 2.307818665451294, 2.7148587053778868, 2.7856198862859194, 3.411138656316485, 3.481832275311326, 3.4831017496084673, 3.517970249621619, 3.5365504047660568, 3.580493804452528, 3.628791988981171]
capacity_line:[0, 0.5172376026873082, 0.0, 0.5372525300133969, 0.0, 0.616481891944823, 0.0, 0.638079770743118, 0.0, 0.6609554648405508, 0.0, 0.6772445225602063, 0.0, 0.5951489146066844, 0.0, 0.5498042717418224, 0.0, 0.0]
travel_distance_line_of_route:[0, 1.352522457763971, 1.6703893677912667, 4.507375687997819, 7.437915754072387, 8.066722236600794, 10.458903268991138, 11.803174093682346, 14.904657598543428, 17.763889324433343, 20.240530656214474, 23.63091522858371, 26.105191893403152, 26.1496234938031, 27.370020994263413, 28.020326424318736, 29.558345413345226, 31.248781871847733]

