truck_1:speed_35
route:[0, 8, 18, 2, 12, 0]
time_line:[0, 1.4046514755269446, 1.5566995743400747, 1.6182345772842988, 1.7041007087751712, 1.7048481732693335]
capacity_line:[0, 0.5815778376913749, 0.0, 0.6948048912532968, 0.0, 0.0]
travel_distance_line_of_route:[0, 2.6552271029571153, 6.226910561416667, 7.213968997797844, 8.469283599978379, 8.495444857274057]

truck_3:speed_35
route:[0, 3, 13, 4, 14, 9, 19, 5, 15, 0]
time_line:[0, 1.550784039030743, 1.66913206852761, 2.252538184360025, 2.3911519987846273, 2.74819203871122, 2.8689532196192524, 3.4603063204284057, 3.5542497201148766, 3.6025479046435196]
capacity_line:[0, 0.616481891944823, 0.0, 0.638079770743118, 0.0, 0.6609554648405508, 0.0, 0.5498042717418224, 0.0, 0.0]
travel_distance_line_of_route:[0, 0.6372563028243049, 3.0294373352146504, 4.373708159905856, 7.475191664766941, 10.334423390656854, 12.81106472243799, 13.891978894617509, 15.429997883643999, 17.12043434214651]

truck_4:speed_35
route:[0, 10, 20, 1, 11, 0]
time_line:[0, 3.444471989649818, 3.565165608644659, 3.5997684162751336, 3.684636916288285, 3.711306714085948]
capacity_line:[0, 0.6772445225602063, 0.0, 0.5951489146066844, 0.0, 0.0]
travel_distance_line_of_route:[0, 1.560202096425773, 4.034478761245209, 4.0789103616451605, 5.299307862105472, 6.232750785023686]

truck_5:speed_35
route:[0, 6, 16, 7, 17, 0]
time_line:[0, 0.1772367219119723, 0.23631863362703787, 1.747834018015518, 1.8815637341890772, 1.8832075514166817]
capacity_line:[0, 0.5172376026873082, 0.0, 0.5372525300133969, 0.0, 0.0]
travel_distance_line_of_route:[0, 1.352522457763971, 1.6703893677912667, 4.507375687997819, 7.437915754072387, 7.495449357038549]

