truck_1:speed_35
route:[0, 3, 13, 4, 14, 9, 19, 10, 20, 1, 11, 5, 15, 0]
time_line:[0, 1.550784039030743, 1.66913206852761, 2.252538184360025, 2.3911519987846273, 2.74819203871122, 2.8689532196192524, 3.444471989649818, 3.565165608644659, 3.5997684162751336, 3.684636916288285, 3.736550404766056, 3.830493804452527, 3.87879198898117]
capacity_line:[0, 0.616481891944823, 0.0, 0.638079770743118, 0.0, 0.6609554648405508, 0.0, 0.6772445225602063, 0.0, 0.5951489146066844, 0.0, 0.5498042717418224, 0.0, 0.0]
travel_distance_line_of_route:[0, 0.6372563028243049, 3.0294373352146504, 4.373708159905856, 7.475191664766941, 10.334423390656854, 12.81106472243799, 16.201449294807226, 18.67572595962666, 18.72015756002661, 19.940555060486922, 20.590860490542244, 22.128879479568734, 23.81931593807124]

truck_2:speed_35
route:[0, 8, 18, 2, 12, 0]
time_line:[0, 1.4046514755269446, 1.5566995743400747, 1.6182345772842988, 1.7041007087751712, 1.7048481732693335]
capacity_line:[0, 0.5815778376913749, 0.0, 0.6948048912532968, 0.0, 0.0]
travel_distance_line_of_route:[0, 2.6552271029571153, 6.226910561416667, 7.213968997797844, 8.469283599978377, 8.495444857274057]

truck_3:speed_35
route:[0, 6, 16, 7, 17, 0]
time_line:[0, 0.1772367219119723, 0.23631863362703787, 1.747834018015518, 1.8815637341890772, 1.8832075514166817]
capacity_line:[0, 0.5172376026873082, 0.0, 0.5372525300133969, 0.0, 0.0]
travel_distance_line_of_route:[0, 1.352522457763971, 1.6703893677912667, 4.507375687997819, 7.437915754072387, 7.495449357038547]

