truck_1:speed_35
route:[0, 3, 13, 7, 17, 4, 14, 5, 15, 0]
time_line:[0, 1.550784039030743, 1.66913206852761, 1.8600001092979885, 1.9937298254715476, 2.252538184360025, 2.3911519987846273, 3.4603063204284057, 3.5542497201148766, 3.6025479046435196]
capacity_line:[0, 0.616481891944823, 0.0, 0.5372525300133969, 0.0, 0.638079770743118, 0.0, 0.5498042717418224, 0.0, 0.0]
travel_distance_line_of_route:[0, 0.6372563028243049, 3.0294373352146504, 8.543152095511223, 11.47369216158579, 13.077684919939998, 16.17916842480108, 17.71866051373512, 19.25667950276161, 20.947115961264124]

truck_2:speed_35
route:[0, 6, 16, 8, 18, 9, 19, 10, 20, 1, 11, 0]
time_line:[0, 0.1772367219119723, 0.23631863362703787, 1.4046514755269446, 1.5566995743400747, 2.74819203871122, 2.8689532196192524, 3.444471989649818, 3.565165608644659, 3.5997684162751336, 3.684636916288285, 3.711306714085948]
capacity_line:[0, 0.5172376026873082, 0.0, 0.5815778376913749, 0.0, 0.6609554648405508, 0.0, 0.6772445225602063, 0.0, 0.5951489146066844, 0.0, 0.0]
travel_distance_line_of_route:[0, 1.352522457763971, 1.6703893677912667, 5.807495008013734, 9.379178466473286, 12.071980579319042, 14.548621911100179, 17.939006483469417, 20.413283148288855, 20.457714748688804, 21.678112249149116, 22.61155517206733]

