truck_1:speed_35
route:[0, 6, 16, 2, 12, 8, 18, 0]
time_line:[0, 0.10389084311103547, 0.15292794420973416, 1.6625990805450777, 1.760387233613407, 2.7410116221784544, 2.8449511960365843, 2.86982579782578]
capacity_line:[0, 0.5605775366917933, 0.0, 0.5294656563110894, 0.0, 0.6004173154009718, 0.0, 0.0]
travel_distance_line_of_route:[0, 1.3782577555823217, 3.0945562940367757, 6.613647094362726, 10.036232451754254, 12.49104988739806, 16.1289349724326, 16.999546035054447]

truck_2:speed_35
route:[0, 7, 17, 1, 11, 0]
time_line:[0, 1.5049285918682476, 1.5575285279686917, 3.2919936421566858, 3.406048338498465, 3.4898345692931843]
capacity_line:[0, 0.7314412291889251, 0.0, 0.6289302548269184, 0.0, 0.0]
travel_distance_line_of_route:[0, 0.5487593103674918, 2.389757073883038, 6.94472546902954, 10.936639840991818, 13.869157918806996]

truck_3:speed_35
route:[0, 9, 19, 10, 20, 3, 13, 0]
time_line:[0, 1.3785076188456842, 1.4020569439337205, 1.5045466991242797, 1.5841300649777583, 3.3612729304195708, 3.3740048883488996, 3.406680288218904]
capacity_line:[0, 0.6738389400927218, 0.0, 0.649899084292574, 0.0, 0.7232724717119364, 0.0, 0.0]
travel_distance_line_of_route:[0, 2.286834778891171, 3.1110611569724416, 6.698202588642015, 9.483620393513768, 10.73470674842789, 11.180325275954397, 12.323964271404552]

truck_6:speed_35
route:[0, 4, 14, 5, 15, 0]
time_line:[0, 1.956743007200329, 2.013546646633465, 2.9792117278005565, 3.004755086727805, 3.020603186054362]
capacity_line:[0, 0.5795279774447186, 0.0, 0.6736195070105919, 0.0, 0.0]
travel_distance_line_of_route:[0, 0.5016100740412662, 2.48973745420102, 3.73946260335489, 4.633480165808585, 5.188163642238096]

