truck_1:speed_35
route:[0, 8, 23, 4, 19, 2, 17, 0]
time_line:[0, 1.2446376827926886, 1.3339276971276848, 2.9643267903446096, 3.0505081102539164, 3.359135123909246, 3.4868291949339136, 3.6781080473930525]
capacity_line:[0, 0.5732331867523147, 0.0, 0.6817573862989399, 0.0, 0.5574371569570533, 0.0, 0.0]
travel_distance_line_of_route:[0, 4.173874912469176, 7.299025414194045, 11.169194519971356, 14.185540716797101, 18.414951641855467, 22.884244127718826, 29.57900396378869]

truck_2:speed_35
route:[0, 7, 22, 11, 26, 15, 30, 0]
time_line:[0, 1.748225166721226, 1.7547398894713444, 1.8812602710934798, 1.9601277745756478, 2.089677426756305, 2.1520579270132285, 2.249014287688194]
capacity_line:[0, 0.5848775420083756, 0.0, 0.5893913346828851, 0.0, 0.660067921054967, 0.0, 0.0]
travel_distance_line_of_route:[0, 0.2218507269757125, 0.44986602322985125, 4.878079380004593, 7.638442001880472, 12.17267982820347, 14.35599733719579, 17.74946996081958]

truck_3:speed_35
route:[0, 12, 27, 10, 25, 1, 16, 14, 29, 5, 20, 0]
time_line:[0, 0.16155130193422554, 0.1625444593508429, 0.925816018370382, 0.9413594311698176, 1.1618442216971574, 1.2232279845118368, 1.3588216796083432, 1.388931013742453, 1.4986133437126508, 1.540267021764426, 1.5941639371042216]
capacity_line:[0, 0.6787118257016768, 0.0, 0.6773228293763598, 0.0, 0.6030740298845101, 0.0, 0.6242430149057276, 0.0, 0.6506711402886366, 0.0, 0.0]
travel_distance_line_of_route:[0, 4.774361015361038, 4.809121524942645, 8.214111158494077, 8.758130606474323, 16.475098274931216, 18.623529973444995, 23.369309301822717, 24.423135996516567, 28.262017545473483, 29.71989627728562, 31.606288314178464]

truck_4:speed_35
route:[0, 13, 28, 9, 24, 3, 18, 6, 21, 0]
time_line:[0, 0.21218708074698134, 0.3427399978952136, 1.1868141181023677, 1.2144662651697924, 1.2704030144339535, 1.3745665571616745, 1.5611257881627216, 1.687842680464353, 1.8249197251418157]
capacity_line:[0, 0.642610790789975, 0.0, 0.6240306232365687, 0.0, 0.6016233072346634, 0.0, 0.5095365949467885, 0.0, 0.0]
travel_distance_line_of_route:[0, 4.462285183932097, 9.031637284120226, 9.760828209800861, 10.728653357160729, 12.518706451465052, 16.164430446935285, 22.558046096446787, 26.993137327003883, 31.79083389071507]

