truck_1:speed_35
route:[0, 2, 17, 7, 22, 9, 24, 6, 21, 14, 29, 1, 16, 8, 23, 0]
time_line:[0, 1.1163091080711522, 1.2223897569515392, 1.2817469195362006, 1.368534266277009, 1.4261034069386385, 1.4358219626293147, 1.6775681319010667, 1.733532945251036, 1.9117937911647536, 1.9589148341933782, 2.1173172579320254, 2.2499968729574777, 2.364792238677715, 2.4152711964668483, 2.4593175433729138]
capacity_line:[0, 0.6919820708121605, 0.0, 0.6147231651185385, 0.0, 0.5953490231125347, 0.0, 0.6815269409039851, 0.0, 0.67175410948394, 0.0, 0.7370770677329065, 0.0, 0.7040898824428208, 0.0, 0.0]
travel_distance_line_of_route:[0, 4.054236070779008, 7.767058781592554, 9.844559472055705, 12.882116607984003, 14.897036531141035, 15.237185980314704, 23.698301904826025, 25.657070372074948, 31.89619997905507, 33.54543648505693, 39.089521315909586, 43.733307841800425, 47.75114564200873, 49.517909164628406, 51.05953130634067]

truck_2:speed_35
route:[0, 4, 19, 12, 27, 13, 28, 5, 20, 0]
time_line:[0, 0.07951637021118951, 0.1564465799352195, 0.5574404182062964, 0.6849219088036476, 1.6040938765111084, 1.6282057952066504, 2.6836471735855536, 2.799151512822753, 2.9831310626645564]
capacity_line:[0, 0.625730846124505, 0.0, 0.5894013912739572, 0.0, 0.5086129524531027, 0.0, 0.6692948600375134, 0.0, 0.0]
travel_distance_line_of_route:[0, 1.8617950662918503, 4.5543524066328995, 8.638479013149794, 13.100331184057083, 19.844769114167722, 20.6886862685117, 26.23161382522361, 30.274265698525586, 36.713549942988706]

truck_3:speed_35
route:[0, 11, 26, 10, 25, 0]
time_line:[0, 1.010378562756221, 1.143836261343375, 2.2874087517476682, 2.337560698558941, 2.4805470028129495]
capacity_line:[0, 0.7164318856282662, 0.0, 0.7466275957461526, 0.0, 0.0]
travel_distance_line_of_route:[0, 2.592014983160289, 7.26303443371068, 13.878704874852673, 15.634023013247232, 20.63854366213752]

truck_4:speed_35
route:[0, 3, 18, 15, 30, 0]
time_line:[0, 1.2944903969603074, 1.347757115891308, 2.201112745075981, 2.2763982189459107, 2.415679346827335]
capacity_line:[0, 0.5473189269019071, 0.0, 0.6896211223340307, 0.0, 0.0]
travel_distance_line_of_route:[0, 3.3774845924684573, 5.241819755053479, 9.468322938152973, 12.103314523600513, 16.978153999450374]

