truck_2:speed_35
route:[0, 1, 16, 15, 30, 10, 25, 5, 20, 0]
time_line:[0, 2.005568911189437, 2.1382485262148894, 2.201112745075981, 2.2763982189459107, 2.385865432581175, 2.436017379392448, 2.6836471735855536, 2.799151512822753, 2.9831310626645564]
capacity_line:[0, 0.7370770677329065, 0.0, 0.6896211223340307, 0.0, 0.7466275957461526, 0.0, 0.6692948600375134, 0.0, 0.0]
travel_distance_line_of_route:[0, 1.4701329544396504, 6.113919480330486, 7.509564833411785, 10.144556418859326, 13.975908896093571, 15.73122703448813, 18.35061157534747, 22.393263448649446, 28.832547693112563]

truck_3:speed_35
route:[0, 4, 19, 7, 22, 14, 29, 6, 21, 11, 26, 8, 23, 0]
time_line:[0, 0.07951637021118951, 0.1564465799352195, 0.4842679674606926, 0.5710553142015011, 1.0411109505262153, 1.08823199355484, 1.1990246831941636, 1.2549894965441328, 1.3569510665623359, 1.49040876514949, 1.8403449143611408, 1.8908238721502744, 1.9348702190563398]
capacity_line:[0, 0.625730846124505, 0.0, 0.6147231651185385, 0.0, 0.67175410948394, 0.0, 0.6815269409039851, 0.0, 0.7164318856282662, 0.0, 0.7040898824428208, 0.0, 0.0]
travel_distance_line_of_route:[0, 1.8617950662918503, 4.5543524066328995, 5.013977830906791, 8.051534966835089, 13.674804878482622, 15.324041384484486, 19.201785521860813, 21.160553989109737, 24.72920893974684, 29.40022839029723, 32.061502884600316, 33.82826640721999, 35.36988854893227]

truck_4:speed_35
route:[0, 12, 27, 2, 17, 9, 24, 3, 18, 13, 28, 0]
time_line:[0, 0.5574404182062964, 0.6849219088036476, 1.1163091080711522, 1.2223897569515392, 1.3125001947163892, 1.3222187504070655, 1.4041479382177184, 1.457414657148719, 1.6631281283247743, 1.6872400470203164, 1.8053355264540083]
capacity_line:[0, 0.5894013912739572, 0.0, 0.6919820708121605, 0.0, 0.5953490231125347, 0.0, 0.5473189269019071, 0.0, 0.5086129524531027, 0.0, 0.0]
travel_distance_line_of_route:[0, 1.3537496799103943, 5.8156018508176865, 8.092928174170996, 11.805750884984546, 14.959616206754298, 15.299765655927967, 18.167287229300825, 20.031622391885847, 27.231593883047786, 28.075511037391763, 32.20885281757098]

