truck_1:speed_35
route:[0, 3, 18, 2, 17, 5, 20, 0]
time_line:[0, 1.2944903969603074, 1.347757115891308, 1.4059434991915902, 1.5120241480719772, 2.6836471735855536, 2.799151512822753, 2.9831310626645564]
capacity_line:[0, 0.5473189269019071, 0.0, 0.6919820708121605, 0.0, 0.6692948600375134, 0.0, 0.0]
travel_distance_line_of_route:[0, 3.3774845924684573, 5.241819755053479, 7.278343170563361, 10.991165881376908, 12.10371356361099, 16.146365436912966, 22.58564968137609]

truck_2:speed_35
route:[0, 12, 27, 4, 19, 15, 30, 1, 16, 0]
time_line:[0, 0.5574404182062964, 0.6849219088036476, 0.8602870973036463, 0.9372173070276762, 2.201112745075981, 2.2763982189459107, 2.424670808109024, 2.5573504231344764, 2.6675680025232658]
capacity_line:[0, 0.5894013912739572, 0.0, 0.625730846124505, 0.0, 0.6896211223340307, 0.0, 0.7370770677329065, 0.0, 0.0]
travel_distance_line_of_route:[0, 1.3537496799103945, 5.815601850817684, 11.953383448317641, 14.645940788658692, 18.33791351637316, 20.9729051018207, 26.16244572252967, 30.806232248420507, 34.66384752702813]

truck_3:speed_35
route:[0, 11, 26, 14, 29, 6, 21, 13, 28, 8, 23, 0]
time_line:[0, 1.010378562756221, 1.143836261343375, 1.229079777202007, 1.2762008202306316, 1.3869935098699553, 1.4429583232199246, 1.6040938765111084, 1.6282057952066504, 1.8403449143611408, 1.8908238721502744, 1.9348702190563398]
capacity_line:[0, 0.7164318856282662, 0.0, 0.67175410948394, 0.0, 0.6815269409039851, 0.0, 0.5086129524531027, 0.0, 0.7040898824428208, 0.0, 0.0]
travel_distance_line_of_route:[0, 2.592014983160289, 7.26303443371068, 10.246557488762798, 11.895793994764663, 15.77353813214099, 17.73230659938991, 18.366697389108165, 19.21061454345214, 23.220541721161037, 24.98730524378071, 26.528927385493002]

truck_4:speed_35
route:[0, 7, 22, 9, 24, 10, 25, 0]
time_line:[0, 0.4842679674606926, 0.5710553142015011, 1.292224682018052, 1.3019432377087283, 2.2874087517476682, 2.337560698558941, 2.4805470028129495]
capacity_line:[0, 0.6147231651185385, 0.0, 0.5953490231125347, 0.0, 0.7466275957461526, 0.0, 0.0]
travel_distance_line_of_route:[0, 2.660326687484731, 5.6978838234130285, 7.712803746570061, 8.05295319574373, 12.735477875702843, 14.490796014097402, 19.49531666298769]

