truck_1:speed_35
route:[0, 11, 26, 5, 20, 0]
time_line:[0, 1.010378562756221, 1.143836261343375, 2.6836471735855536, 2.799151512822753, 2.9831310626645564]
capacity_line:[0, 0.7164318856282662, 0.0, 0.6692948600375134, 0.0, 0.0]
travel_distance_line_of_route:[0, 2.592014983160289, 7.26303443371068, 12.536628836912623, 16.579280710214597, 23.01856495467772]

truck_2:speed_35
route:[0, 6, 21, 12, 27, 9, 24, 3, 18, 8, 23, 2, 17, 0]
time_line:[0, 1.1214830599131362, 1.1774478732631055, 1.2628651030099651, 1.3903465936073163, 1.5223165343535476, 1.532035090044224, 1.6139642778548768, 1.6672309967858774, 1.8403449143611408, 1.8908238721502744, 2.005112427090924, 2.111193075971311, 2.1632702473527656]
capacity_line:[0, 0.6815269409039851, 0.0, 0.5894013912739572, 0.0, 0.5953490231125347, 0.0, 0.5473189269019071, 0.0, 0.7040898824428208, 0.0, 0.6919820708121605, 0.0, 0.0]
travel_distance_line_of_route:[0, 4.362687922693523, 6.321456389942446, 9.31105943108253, 13.772911601989819, 18.39185952810791, 18.73200897728158, 21.599530550654436, 23.463865713239457, 28.158610441279233, 29.925373963898906, 33.92547338682164, 37.63829609763519, 39.46099709598611]

truck_3:speed_35
route:[0, 7, 22, 13, 28, 14, 29, 1, 16, 0]
time_line:[0, 0.4842679674606926, 0.5710553142015011, 1.6040938765111084, 1.6282057952066504, 1.816146717158306, 1.8632677601869305, 2.0216701839255777, 2.15434979895103, 2.2645673783398195]
capacity_line:[0, 0.6147231651185385, 0.0, 0.5086129524531027, 0.0, 0.67175410948394, 0.0, 0.7370770677329065, 0.0, 0.0]
travel_distance_line_of_route:[0, 2.660326687484731, 5.6978838234130285, 12.005563855551923, 12.849481009895898, 19.42741327820384, 21.076649784205706, 26.620734615058364, 31.2645211409492, 35.12213641955682]

truck_4:speed_35
route:[0, 4, 19, 15, 30, 10, 25, 0]
time_line:[0, 0.07951637021118951, 0.1564465799352195, 2.201112745075981, 2.2763982189459107, 2.385865432581175, 2.436017379392448, 2.579003683646456]
capacity_line:[0, 0.625730846124505, 0.0, 0.6896211223340307, 0.0, 0.7466275957461526, 0.0, 0.0]
travel_distance_line_of_route:[0, 1.8617950662918503, 4.5543524066328995, 8.246325134347368, 10.881316719794908, 14.712669197029154, 16.467987335423715, 21.472507984314003]

