truck_1:speed_35
route:[0, 15, 30, 2, 17, 5, 20, 12, 27, 10, 25, 6, 21, 3, 18, 0]
time_line:[0, 0.3360406834666635, 0.4667953370121988, 0.5052258122394017, 0.6319059225196342, 0.7941715878748026, 0.7950774987254199, 1.2380497218915003, 1.2759281546545846, 1.3014706049874438, 1.3245865779416328, 1.662485313242175, 1.7337837406390804, 1.8051472396274992, 1.8454596230650464, 1.935903797421738]
capacity_line:[0, 0.7095087093790992, 0.0, 0.6617313673573818, 0.0, 0.6261070729670268, 0.0, 0.7401468775490577, 0.0, 0.721178219645346, 0.0, 0.5113125309687202, 0.0, 0.5586914293148997, 0.0, 0.0]
travel_distance_line_of_route:[0, 2.5906968730735254, 7.167109747167261, 8.512176380119362, 12.945980239927499, 18.62527852735839, 18.656985407129994, 19.215995926998797, 20.541741073706746, 21.435726835356817, 22.244785888753437, 22.994253059828807, 25.489698018720492, 27.987420483315155, 29.398353903629307, 32.56390000611351]

truck_2:speed_35
route:[0, 14, 29, 1, 16, 7, 22, 4, 19, 11, 26, 13, 28, 0]
time_line:[0, 1.1619291267611973, 1.2473482389243924, 1.3755697248879422, 1.4007842470380858, 2.271953818639399, 2.4013806740071395, 2.4433781530461984, 2.4776912655194785, 2.5478999423488857, 2.6482667369272095, 2.8267969554634207, 2.946829680479345, 3.186175032812421]
capacity_line:[0, 0.6228216264915084, 0.0, 0.5245401654769128, 0.0, 0.5139940530722595, 0.0, 0.6507981837425589, 0.0, 0.736249552164364, 0.0, 0.6928212952927698, 0.0, 0.0]
travel_distance_line_of_route:[0, 1.2168854932980644, 4.206554419009889, 8.694306427734126, 9.576814702989157, 14.431136863767566, 18.96107680163849, 20.43098856800556, 21.63194750457036, 24.089251193599612, 27.602089003840945, 31.29654143710866, 35.49768681266601, 43.87477414432369]

truck_3:speed_35
route:[0, 9, 24, 8, 23, 0]
time_line:[0, 0.7708938524960488, 0.8944240294037648, 2.157090591137675, 2.179958993411873, 2.3369946437210585]
capacity_line:[0, 0.5646294715463093, 0.0, 0.7388885610053844, 0.0, 0.0]
travel_distance_line_of_route:[0, 4.507787121356245, 8.831343313126304, 14.274281199710952, 15.074675279307876, 20.570923040129365]

