truck_2:speed_35
route:[0, 7, 22, 4, 19, 11, 26, 0]
time_line:[0, 2.271953818639399, 2.4013806740071395, 2.4433781530461984, 2.4776912655194785, 2.5478999423488857, 2.6482667369272095, 2.688111525550504]
capacity_line:[0, 0.5139940530722595, 0.0, 0.6507981837425589, 0.0, 0.736249552164364, 0.0, 0.0]
travel_distance_line_of_route:[0, 1.5782501270735185, 6.10819006494444, 7.578101831311509, 8.779060767876311, 11.236364456905564, 14.7492022671469, 16.14376986896221]

truck_4:speed_35
route:[0, 5, 20, 12, 27, 1, 16, 13, 28, 0]
time_line:[0, 0.1007123510931881, 0.10161826194380541, 1.2380497218915003, 1.2759281546545846, 1.4433814501228928, 1.4685959722730364, 2.8267969554634207, 2.946829680479345, 3.186175032812421]
capacity_line:[0, 0.6261070729670268, 0.0, 0.7401468775490577, 0.0, 0.5245401654769128, 0.0, 0.6928212952927698, 0.0, 0.0]
travel_distance_line_of_route:[0, 0.79599400660444, 0.8277008863760464, 1.38671140624485, 2.7124565529527986, 8.573321894343579, 9.455830169598608, 13.611197735636003, 17.81234311119335, 26.18943044285102]

truck_5:speed_35
route:[0, 15, 30, 2, 17, 10, 25, 14, 29, 3, 18, 9, 24, 8, 23, 6, 21, 0]
time_line:[0, 0.3360406834666635, 0.4667953370121988, 0.5052258122394017, 0.6319059225196342, 1.2393289569408246, 1.2624449298950138, 1.304365726262235, 1.38978483842543, 1.419748341685227, 1.4600607251227742, 1.5835790559783567, 1.7071092328860726, 2.157090591137675, 2.179958993411873, 2.3325890650720718, 2.4038874924689773, 2.473312627793208]
capacity_line:[0, 0.7095087093790992, 0.0, 0.6617313673573818, 0.0, 0.721178219645346, 0.0, 0.6228216264915084, 0.0, 0.5586914293148997, 0.0, 0.5646294715463093, 0.0, 0.7388885610053844, 0.0, 0.5113125309687202, 0.0, 0.0]
travel_distance_line_of_route:[0, 2.5906968730735254, 7.167109747167261, 8.512176380119362, 12.945980239927499, 18.411760555110888, 19.220819608507508, 20.688047481360254, 23.67771640707208, 24.72643902116497, 26.137372441479123, 30.460514021424512, 34.78407021319457, 40.22700809977921, 41.02740217937614, 46.3694546874831, 48.86489964637479, 51.29477938272286]

