truck_1:speed_35
route:[0, 1, 16, 2, 17, 7, 22, 8, 23, 15, 30, 11, 26, 3, 18, 10, 25, 6, 21, 12, 27, 14, 29, 4, 19, 13, 28, 9, 24, 0]
time_line:[0, 0.4318722212006294, 0.4587999415286989, 0.6567538558355568, 0.6699279594241366, 0.830963926313524, 0.8804445545851843, 0.97487906638023, 1.0561114686148505, 1.2562365255438857, 1.3373403947486442, 1.3997611351864676, 1.4495043560514709, 1.6069862037411253, 1.6717831210390726, 1.7882409805339907, 1.8342774269754212, 1.8792651705044616, 1.9504510327113673, 2.099373658731644, 2.2319504735604667, 2.462841019160648, 2.568225143370283, 2.5884588164925995, 2.6636783619446667, 2.9077727982636628, 2.959438061846519, 2.998820462781099, 3.108033598755219, 3.207574549152269]
capacity_line:[0, 0.5764753978867767, 0.0, 0.7273074189529718, 0.0, 0.6810802094943511, 0.0, 0.6085439371870125, 0.0, 0.5127430531811091, 0.0, 0.7414619438028415, 0.0, 0.5272361342028613, 0.0, 0.5310329938962309, 0.0, 0.6036636068758916, 0.0, 0.6979779678804479, 0.0, 0.6439105812230114, 0.0, 0.6314067334487946, 0.0, 0.5496977762348767, 0.0, 0.6479999687592137, 0.0, 0.0]
travel_distance_line_of_route:[0, 2.189071835212947, 3.13154204669538, 10.059929047435407, 10.5210226730357, 16.15728151416426, 17.88910350367237, 21.19431141649897, 24.03744549471068, 31.04182248722691, 33.880457909393456, 36.06518382471727, 37.80619655499239, 43.3180612241303, 45.58595332955845, 49.66197841188058, 51.273254037330645, 52.84782506084706, 55.339330238088756, 60.551622148798444, 65.19181066780725, 73.2729797638136, 76.96142411115083, 77.6696026704319, 80.30228676125425, 88.84559203241912, 90.65387625781909, 92.0322602905294, 95.8547200496236, 99.33865331352034]

truck_2:speed_35
route:[0, 5, 20, 0]
time_line:[0, 0.253806855468519, 0.3655237802324614, 0.49330804975352627]
capacity_line:[0, 0.6455740869598146, 0.0, 0.0]
travel_distance_line_of_route:[0, 4.942933099135093, 8.853025465873078, 13.325474899110347]

