truck_1:speed_35
route:[0, 12, 27, 9, 24, 10, 25, 0]
time_line:[0, 0.5574404182062964, 0.6849219088036476, 1.292224682018052, 1.3019432377087283, 2.2874087517476682, 2.337560698558941, 2.4805470028129495]
capacity_line:[0, 0.5894013912739572, 0.0, 0.5953490231125347, 0.0, 0.7466275957461526, 0.0, 0.0]
travel_distance_line_of_route:[0, 1.3537496799103945, 5.815601850817684, 10.434549776935778, 10.774699226109448, 15.457223906068561, 17.21254204446312, 22.21706269335341]

truck_2:speed_35
route:[0, 2, 17, 13, 28, 1, 16, 0]
time_line:[0, 1.1163091080711522, 1.2223897569515392, 1.6040938765111084, 1.6282057952066504, 2.005568911189437, 2.1382485262148894, 2.2484661056036788]
capacity_line:[0, 0.6919820708121605, 0.0, 0.5086129524531027, 0.0, 0.7370770677329065, 0.0, 0.0]
travel_distance_line_of_route:[0, 4.054236070779008, 7.767058781592554, 12.68003476189725, 13.523951916241225, 17.0753565145891, 21.719143040479935, 25.57675831908756]

truck_3:speed_35
route:[0, 4, 19, 6, 21, 7, 22, 3, 18, 14, 29, 8, 23, 0]
time_line:[0, 0.07951637021118951, 0.1564465799352195, 1.1214830599131362, 1.1774478732631055, 1.3172766242021152, 1.4040639709429237, 1.4998397668461547, 1.5531064857771553, 1.6051539918371238, 1.6522750348657484, 1.8403449143611408, 1.8908238721502744, 1.9348702190563398]
capacity_line:[0, 0.625730846124505, 0.0, 0.6815269409039851, 0.0, 0.6147231651185385, 0.0, 0.5473189269019071, 0.0, 0.67175410948394, 0.0, 0.7040898824428208, 0.0, 0.0]
travel_distance_line_of_route:[0, 1.8617950662918503, 4.5543524066328995, 10.982970870024557, 12.94173933727348, 17.835745620138816, 20.873302756067112, 24.2254556126802, 26.08979077526522, 27.911453487364124, 29.56068999336599, 33.684976883008666, 35.45174040562834, 36.99336254734063]

truck_4:speed_35
route:[0, 11, 26, 5, 20, 15, 30, 0]
time_line:[0, 1.010378562756221, 1.143836261343375, 2.6836471735855536, 2.799151512822753, 2.9548052425440026, 3.030090716413932, 3.1693718442953567]
capacity_line:[0, 0.7164318856282662, 0.0, 0.6692948600375134, 0.0, 0.6896211223340307, 0.0, 0.0]
travel_distance_line_of_route:[0, 2.592014983160289, 7.26303443371068, 12.536628836912623, 16.579280710214597, 22.02716125045834, 24.662152835905882, 29.536992311755746]

