truck_1:speed_35
route:[0, 10, 20, 5, 15, 8, 18, 3, 13, 0]
time_line:[0, 1.4542869380546537, 1.5338703039081323, 2.9792117278005565, 3.004755086727805, 3.0806634319230604, 3.1846030057811903, 3.3612729304195708, 3.3740048883488996, 3.406680288218904]
capacity_line:[0, 0.649899084292574, 0.0, 0.6736195070105919, 0.0, 0.6004173154009718, 0.0, 0.7232724717119364, 0.0, 0.0]
travel_distance_line_of_route:[0, 2.123782655211192, 4.909200460082944, 6.057977246534511, 6.951994808988206, 9.608786890822147, 13.246671975856687, 15.280240222054159, 15.725858749580667, 16.86949774503082]

truck_2:speed_35
route:[0, 7, 17, 1, 11, 0]
time_line:[0, 1.5049285918682476, 1.5575285279686917, 3.2919936421566858, 3.406048338498465, 3.4898345692931843]
capacity_line:[0, 0.7314412291889251, 0.0, 0.6289302548269184, 0.0, 0.0]
travel_distance_line_of_route:[0, 0.5487593103674918, 2.389757073883038, 6.94472546902954, 10.936639840991818, 13.869157918806998]

truck_3:speed_35
route:[0, 6, 16, 9, 19, 4, 14, 2, 12, 0]
time_line:[0, 0.10389084311103547, 0.15292794420973416, 1.3785076188456842, 1.4020569439337205, 1.956743007200329, 2.013546646633465, 2.0568507152909006, 2.15463886835923, 2.2056178236082453]
capacity_line:[0, 0.5605775366917933, 0.0, 0.6738389400927218, 0.0, 0.5795279774447186, 0.0, 0.5294656563110894, 0.0, 0.0]
travel_distance_line_of_route:[0, 1.3782577555823217, 3.0945562940367757, 5.353006866288451, 6.177233244369722, 8.094752910953044, 10.082880291112797, 11.598522694123043, 15.02110805151457, 16.805371485230104]

