truck_1:speed_35
route:[0, 2, 12, 9, 19, 7, 17, 8, 18, 0]
time_line:[0, 1.6625990805450777, 1.760387233613407, 1.8205362882929919, 1.8440856133810282, 1.8720571873492449, 1.924657123449689, 2.7410116221784544, 2.8449511960365843, 2.86982579782578]
capacity_line:[0, 0.5294656563110894, 0.0, 0.6738389400927218, 0.0, 0.7314412291889251, 0.0, 0.6004173154009718, 0.0, 0.0]
travel_distance_line_of_route:[0, 2.5547987562172345, 5.977384113608762, 8.082601027394237, 8.906827405475507, 9.885832494363095, 11.72683025787864, 12.316250319729193, 15.954135404763733, 16.824746467385587]

truck_3:speed_35
route:[0, 6, 16, 0]
time_line:[0, 0.10389084311103547, 0.15292794420973416, 0.20268270028863294]
capacity_line:[0, 0.5605775366917933, 0.0, 0.0]
travel_distance_line_of_route:[0, 1.3782577555823217, 3.0945562940367757, 4.835972756798234]

truck_4:speed_35
route:[0, 1, 11, 0]
time_line:[0, 3.2919936421566858, 3.406048338498465, 3.4898345692931843]
capacity_line:[0, 0.6289302548269184, 0.0, 0.0]
travel_distance_line_of_route:[0, 2.8065324635972866, 6.798446835559565, 9.730964913374743]

truck_6:speed_35
route:[0, 10, 20, 4, 14, 3, 13, 5, 15, 0]
time_line:[0, 1.4542869380546537, 1.5338703039081323, 1.956743007200329, 2.013546646633465, 3.3612729304195708, 3.3740048883488996, 3.4082259231417695, 3.4337692820690178, 3.449617381395575]
capacity_line:[0, 0.649899084292574, 0.0, 0.5795279774447186, 0.0, 0.7232724717119364, 0.0, 0.6736195070105919, 0.0, 0.0]
travel_distance_line_of_route:[0, 2.1237826552111922, 4.909200460082944, 5.935925247381249, 7.924052627541004, 9.192987869175582, 9.638606396702087, 10.836342614452542, 11.730360176906236, 12.28504365333575]

