truck_1:speed_35
route:[0, 12, 27, 8, 23, 3, 18, 15, 30, 1, 16, 0]
time_line:[0, 0.5574404182062964, 0.6849219088036476, 1.8403449143611408, 1.8908238721502744, 1.9927066907176558, 2.0459734096486564, 2.201112745075981, 2.2763982189459107, 2.424670808109024, 2.5573504231344764, 2.6675680025232658]
capacity_line:[0, 0.5894013912739572, 0.0, 0.7040898824428208, 0.0, 0.5473189269019071, 0.0, 0.6896211223340307, 0.0, 0.7370770677329065, 0.0, 0.0]
travel_distance_line_of_route:[0, 1.3537496799103945, 5.815601850817684, 10.185255668951996, 11.95201919157167, 15.51791784143002, 17.38225300401504, 21.608756187114533, 24.243747772562074, 29.433288393271045, 34.07707491916188, 37.934690197769505]

truck_2:speed_35
route:[0, 2, 17, 5, 20, 10, 25, 0]
time_line:[0, 1.1163091080711522, 1.2223897569515392, 2.6836471735855536, 2.799151512822753, 2.8798022743564298, 2.9299542211677028, 3.072940525421711]
capacity_line:[0, 0.6919820708121605, 0.0, 0.6692948600375134, 0.0, 0.7466275957461526, 0.0, 0.0]
travel_distance_line_of_route:[0, 4.054236070779008, 7.767058781592554, 8.879606463826637, 12.92225833712861, 15.745034990807305, 17.500353129201866, 22.50487377809215]

truck_3:speed_35
route:[0, 4, 19, 9, 24, 7, 22, 14, 29, 6, 21, 13, 28, 0]
time_line:[0, 0.07951637021118951, 0.1564465799352195, 1.292224682018052, 1.3019432377087283, 1.4364927796809, 1.5232801264217084, 1.6839449810402094, 1.731066024068834, 1.8418587137081577, 1.897823527058127, 1.9159489781929342, 1.9400608968884763, 2.0581563763221684]
capacity_line:[0, 0.625730846124505, 0.0, 0.5953490231125347, 0.0, 0.6147231651185385, 0.0, 0.67175410948394, 0.0, 0.6815269409039851, 0.0, 0.5086129524531027, 0.0, 0.0]
travel_distance_line_of_route:[0, 1.8617950662918503, 4.5543524066328995, 9.909953913535384, 10.250103362709053, 14.959337331735059, 17.996894467663356, 23.62016437931089, 25.269400885312756, 29.147145022689084, 31.105913489938008, 31.74030427965626, 32.584221434000234, 36.71756321417946]

truck_4:speed_35
route:[0, 11, 26, 0]
time_line:[0, 1.010378562756221, 1.143836261343375, 1.2263058063226064]
capacity_line:[0, 0.7164318856282662, 0.0, 0.0]
travel_distance_line_of_route:[0, 2.592014983160289, 7.26303443371068, 10.149468507983778]

