truck_1:speed_35
route:[0, 15, 30, 2, 17, 0]
time_line:[0, 0.3360406834666635, 0.4667953370121988, 0.5052258122394017, 0.6319059225196342, 0.7922265276906715]
capacity_line:[0, 0.7095087093790992, 0.0, 0.6617313673573818, 0.0, 0.0]
travel_distance_line_of_route:[0, 2.5906968730735254, 7.167109747167261, 8.512176380119362, 12.945980239927499, 18.557201420913806]

truck_2:speed_35
route:[0, 5, 20, 14, 29, 10, 25, 1, 16, 7, 22, 11, 26, 13, 28, 0]
time_line:[0, 0.1007123510931881, 0.10161826194380541, 1.1619291267611973, 1.2473482389243924, 1.3219208637422104, 1.3450368366963996, 1.5022923183957455, 1.5275068405458891, 2.271953818639399, 2.4013806740071395, 2.5076676924356023, 2.608034487013926, 2.8267969554634207, 2.946829680479345, 3.186175032812421]
capacity_line:[0, 0.6261070729670268, 0.0, 0.6228216264915084, 0.0, 0.721178219645346, 0.0, 0.5245401654769128, 0.0, 0.5139940530722595, 0.0, 0.736249552164364, 0.0, 0.6928212952927698, 0.0, 0.0]
travel_distance_line_of_route:[0, 0.7959940066044401, 0.8277008863760458, 2.7052041597162453, 5.694873085428069, 8.304914954051704, 9.11397400744832, 14.61791586692543, 15.50042414218046, 20.35474630295887, 24.884686240829794, 28.604731885825988, 32.11756969606732, 35.812022129335034, 40.01316750489238, 48.390254836550056]

truck_3:speed_35
route:[0, 12, 27, 3, 18, 9, 24, 8, 23, 6, 21, 4, 19, 0]
time_line:[0, 1.2380497218915003, 1.2759281546545846, 1.3475237317772495, 1.3878361152147967, 1.5113544460703792, 1.6348846229780951, 2.157090591137675, 2.179958993411873, 2.3325890650720718, 2.4038874924689773, 2.46427151610918, 2.49858462858246, 2.6149914631161844]
capacity_line:[0, 0.7401468775490577, 0.0, 0.5586914293148997, 0.0, 0.5646294715463093, 0.0, 0.7388885610053844, 0.0, 0.5113125309687202, 0.0, 0.6507981837425589, 0.0, 0.0]
travel_distance_line_of_route:[0, 0.882148109701627, 2.2078932564095757, 4.713738455702847, 6.124671876016998, 10.447813455962386, 14.771369647732445, 20.214307534317093, 21.014701613914017, 26.35675412202098, 28.852199080912666, 30.965639908319766, 32.16659884488456, 36.24083805356492]

