truck_2:speed_35
route:[0, 5, 20, 12, 27, 14, 29, 3, 18, 8, 23, 6, 21, 4, 19, 7, 22, 11, 26, 0]
time_line:[0, 0.1007123510931881, 0.10161826194380541, 1.2380497218915003, 1.2759281546545846, 1.3260246445751034, 1.4114437567382985, 1.4414072599980954, 1.4817196434356426, 2.157090591137675, 2.179958993411873, 2.3325890650720718, 2.4038874924689773, 2.46427151610918, 2.49858462858246, 2.585645617613327, 2.715072472981068, 2.8213594914095306, 2.9217262859878543, 2.961571074611149]
capacity_line:[0, 0.6261070729670268, 0.0, 0.7401468775490577, 0.0, 0.6228216264915084, 0.0, 0.5586914293148997, 0.0, 0.7388885610053844, 0.0, 0.5113125309687202, 0.0, 0.6507981837425589, 0.0, 0.5139940530722595, 0.0, 0.736249552164364, 0.0, 0.0]
travel_distance_line_of_route:[0, 0.7959940066044401, 0.8277008863760458, 1.3867114062448493, 2.7124565529527978, 4.465833700170955, 7.455502625882779, 8.504225239975668, 9.91515866028982, 16.71818579136419, 17.518579870961112, 22.860632379068075, 25.35607733795976, 27.46951816536686, 28.67047710193166, 31.71761171801201, 36.24755165588293, 39.96759730087912, 43.48043511112045, 44.875002712935775]

truck_4:speed_35
route:[0, 10, 25, 1, 16, 13, 28, 0]
time_line:[0, 1.2393289569408246, 1.2624449298950138, 1.4197004115943597, 1.4449149337445033, 2.8267969554634207, 2.946829680479345, 3.186175032812421]
capacity_line:[0, 0.721178219645346, 0.0, 0.5245401654769128, 0.0, 0.6928212952927698, 0.0, 0.0]
travel_distance_line_of_route:[0, 1.1235673794728773, 1.9326264328694958, 7.436568292346605, 8.319076567601634, 12.474444133639029, 16.675589509196378, 25.052676840854048]

truck_5:speed_35
route:[0, 15, 30, 2, 17, 9, 24, 0]
time_line:[0, 0.3360406834666635, 0.4667953370121988, 0.5052258122394017, 0.6319059225196342, 0.7708938524960488, 0.8944240294037648, 1.137943590954348]
capacity_line:[0, 0.7095087093790992, 0.0, 0.6617313673573818, 0.0, 0.5646294715463093, 0.0, 0.0]
travel_distance_line_of_route:[0, 2.5906968730735254, 7.167109747167261, 8.512176380119362, 12.945980239927499, 17.6764382217923, 21.99999441356236, 30.52317906783278]

