truck_1:speed_35
route:[0, 2, 12, 9, 19, 1, 11, 3, 13, 0]
time_line:[0, 1.6625990805450777, 1.760387233613407, 1.8205362882929919, 1.8440856133810282, 3.2919936421566858, 3.406048338498465, 3.5155887041341245, 3.5283206620634533, 3.5609960619334577]
capacity_line:[0, 0.5294656563110894, 0.0, 0.6738389400927218, 0.0, 0.6289302548269184, 0.0, 0.7232724717119364, 0.0, 0.0]
travel_distance_line_of_route:[0, 2.5547987562172345, 5.977384113608762, 8.082601027394237, 8.906827405475507, 12.675982001794317, 16.667896373756594, 20.50180917100468, 20.94742769853119, 22.091066693981343]

truck_2:speed_35
route:[0, 6, 16, 7, 17, 4, 14, 8, 18, 5, 15, 0]
time_line:[0, 0.10389084311103547, 0.15292794420973416, 1.5049285918682476, 1.5575285279686917, 1.956743007200329, 2.013546646633465, 2.7410116221784544, 2.8449511960365843, 2.9792117278005565, 3.004755086727805, 3.020603186054362]
capacity_line:[0, 0.5605775366917933, 0.0, 0.7314412291889251, 0.0, 0.5795279774447186, 0.0, 0.6004173154009718, 0.0, 0.6736195070105919, 0.0, 0.0]
travel_distance_line_of_route:[0, 1.3782577555823217, 3.0945562940367757, 4.539599098244575, 6.380596861760122, 9.15770753676861, 11.145834916928365, 13.969217049938653, 17.607102134973193, 18.558942392039384, 19.45295995449308, 20.007643430922585]

truck_3:speed_35
route:[0, 10, 20, 0]
time_line:[0, 1.4542869380546537, 1.5338703039081323, 1.5583084419130262]
capacity_line:[0, 0.649899084292574, 0.0, 0.0]
travel_distance_line_of_route:[0, 2.123782655211192, 4.909200460082944, 5.764535290254232]

