truck_1:speed_35
route:[0, 6, 16, 4, 14, 2, 12, 5, 15, 8, 18, 0]
time_line:[0, 0.10389084311103547, 0.15292794420973416, 1.956743007200329, 2.013546646633465, 2.0568507152909006, 2.15463886835923, 2.9792117278005565, 3.004755086727805, 3.0806634319230604, 3.1846030057811903, 3.209477607570386]
capacity_line:[0, 0.5605775366917933, 0.0, 0.5795279774447186, 0.0, 0.5294656563110894, 0.0, 0.6736195070105919, 0.0, 0.6004173154009718, 0.0, 0.0]
travel_distance_line_of_route:[0, 1.3782577555823217, 3.0945562940367757, 4.806303089094022, 6.794430469253776, 8.310072872264021, 11.732658229655549, 13.831143603167138, 14.725161165620833, 17.381953247454774, 21.019838332489314, 21.890449395111165]

truck_2:speed_35
route:[0, 7, 17, 1, 11, 3, 13, 0]
time_line:[0, 1.5049285918682476, 1.5575285279686917, 3.2919936421566858, 3.406048338498465, 3.5155887041341245, 3.5283206620634533, 3.5609960619334577]
capacity_line:[0, 0.7314412291889251, 0.0, 0.6289302548269184, 0.0, 0.7232724717119364, 0.0, 0.0]
travel_distance_line_of_route:[0, 0.5487593103674918, 2.389757073883038, 6.94472546902954, 10.936639840991818, 14.770552638239902, 15.21617116576641, 16.35981016121657]

truck_3:speed_35
route:[0, 9, 19, 10, 20, 0]
time_line:[0, 1.3785076188456842, 1.4020569439337205, 1.5045466991242797, 1.5841300649777583, 1.6085682029826522]
capacity_line:[0, 0.6738389400927218, 0.0, 0.649899084292574, 0.0, 0.0]
travel_distance_line_of_route:[0, 2.286834778891171, 3.1110611569724416, 6.698202588642015, 9.483620393513768, 10.338955223685055]

truck_6:speed_35
route:[0, 0]
time_line:[0, 0]
capacity_line:[0, 0]
travel_distance_line_of_route:[0, 0]

