truck_1:speed_35
route:[0, 2, 12, 4, 14, 1, 11, 0]
time_line:[0, 1.6625990805450777, 1.760387233613407, 1.956743007200329, 2.013546646633465, 3.2919936421566858, 3.406048338498465, 3.4898345692931843]
capacity_line:[0, 0.5294656563110894, 0.0, 0.5795279774447186, 0.0, 0.6289302548269184, 0.0, 0.0]
travel_distance_line_of_route:[0, 2.5547987562172345, 5.977384113608762, 7.780665194621599, 9.768792574781353, 14.132396251929503, 18.12431062389178, 21.05682870170696]

truck_2:speed_35
route:[0, 6, 16, 5, 15, 8, 18, 0]
time_line:[0, 0.10389084311103547, 0.15292794420973416, 2.9792117278005565, 3.004755086727805, 3.0806634319230604, 3.1846030057811903, 3.209477607570386]
capacity_line:[0, 0.5605775366917933, 0.0, 0.6736195070105919, 0.0, 0.6004173154009718, 0.0, 0.0]
travel_distance_line_of_route:[0, 1.3782577555823217, 3.0945562940367757, 5.162685621106155, 6.05670318355985, 8.71349526539379, 12.35138035042833, 13.221991413050185]

truck_3:speed_35
route:[0, 7, 17, 9, 19, 3, 13, 0]
time_line:[0, 1.5049285918682476, 1.5575285279686917, 1.5674177173397232, 1.5909670424277595, 3.3612729304195708, 3.3740048883488996, 3.406680288218904]
capacity_line:[0, 0.7314412291889251, 0.0, 0.6738389400927218, 0.0, 0.7232724717119364, 0.0, 0.0]
travel_distance_line_of_route:[0, 0.5487593103674918, 2.389757073883038, 2.7358787018691455, 3.560105079950416, 4.088420807089544, 4.534039334616052, 5.677678330066207]

truck_4:speed_35
route:[0, 10, 20, 0]
time_line:[0, 1.4542869380546537, 1.5338703039081323, 1.5583084419130262]
capacity_line:[0, 0.649899084292574, 0.0, 0.0]
travel_distance_line_of_route:[0, 2.123782655211192, 4.909200460082944, 5.764535290254232]

