truck_1:speed_35
route:[0, 6, 16, 8, 18, 1, 11, 0]
time_line:[0, 0.10389084311103547, 0.15292794420973416, 2.7410116221784544, 2.8449511960365843, 3.2919936421566858, 3.406048338498465, 3.4898345692931843]
capacity_line:[0, 0.5605775366917933, 0.0, 0.6004173154009718, 0.0, 0.6289302548269184, 0.0, 0.0]
travel_distance_line_of_route:[0, 1.3782577555823217, 3.0945562940367757, 5.715160354356591, 9.353045439391131, 11.828066868821, 15.819981240783278, 18.752499318598456]

truck_2:speed_35
route:[0, 10, 20, 4, 14, 2, 12, 0]
time_line:[0, 1.4542869380546537, 1.5338703039081323, 1.956743007200329, 2.013546646633465, 2.0568507152909006, 2.15463886835923, 2.2056178236082453]
capacity_line:[0, 0.649899084292574, 0.0, 0.5795279774447186, 0.0, 0.5294656563110894, 0.0, 0.0]
travel_distance_line_of_route:[0, 2.1237826552111922, 4.909200460082944, 5.935925247381249, 7.924052627541003, 9.439695030551249, 12.862280387942777, 14.646543821658309]

truck_3:speed_35
route:[0, 7, 17, 9, 19, 3, 13, 5, 15, 0]
time_line:[0, 1.5049285918682476, 1.5575285279686917, 1.5674177173397232, 1.5909670424277595, 3.3612729304195708, 3.3740048883488996, 3.4082259231417695, 3.4337692820690178, 3.449617381395575]
capacity_line:[0, 0.7314412291889251, 0.0, 0.6738389400927218, 0.0, 0.7232724717119364, 0.0, 0.6736195070105919, 0.0, 0.0]
travel_distance_line_of_route:[0, 0.5487593103674917, 2.3897570738830374, 2.7358787018691455, 3.560105079950416, 4.088420807089544, 4.534039334616052, 5.731775552366506, 6.625793114820201, 7.180476591249711]

