truck_2:speed_35
route:[0, 6, 16, 7, 17, 4, 14, 3, 13, 5, 15, 0]
time_line:[0, 0.10389084311103547, 0.15292794420973416, 1.5049285918682476, 1.5575285279686917, 1.956743007200329, 2.013546646633465, 3.3612729304195708, 3.3740048883488996, 3.4082259231417695, 3.4337692820690178, 3.449617381395575]
capacity_line:[0, 0.5605775366917933, 0.0, 0.7314412291889251, 0.0, 0.5795279774447186, 0.0, 0.7232724717119364, 0.0, 0.6736195070105919, 0.0, 0.0]
travel_distance_line_of_route:[0, 1.3782577555823217, 3.0945562940367757, 4.539599098244575, 6.380596861760122, 9.15770753676861, 11.145834916928365, 12.414770158562943, 12.860388686089452, 14.058124903839907, 14.952142466293601, 15.506825942723104]

truck_3:speed_35
route:[0, 9, 19, 2, 12, 10, 20, 8, 18, 1, 11, 0]
time_line:[0, 1.3785076188456842, 1.4020569439337205, 1.6625990805450777, 1.760387233613407, 1.8587239341584207, 1.9383073000118993, 2.7410116221784544, 2.8449511960365843, 3.2919936421566858, 3.406048338498465, 3.4898345692931843]
capacity_line:[0, 0.6738389400927218, 0.0, 0.5294656563110894, 0.0, 0.649899084292574, 0.0, 0.6004173154009718, 0.0, 0.6289302548269184, 0.0, 0.0]
travel_distance_line_of_route:[0, 2.286834778891171, 3.1110611569724416, 4.778693557399871, 8.201278914791398, 11.64306343386688, 14.428481238738632, 16.744550263120303, 20.382435348154843, 22.857456777584712, 26.84937114954699, 29.781889227362164]

