truck_2:speed_35
route:[0, 12, 27, 3, 18, 14, 29, 6, 21, 13, 28, 8, 23, 0]
time_line:[0, 0.5574404182062964, 0.6849219088036476, 1.2944903969603074, 1.347757115891308, 1.3998046219512765, 1.4469256649799012, 1.5577183546192248, 1.613683167969194, 1.6318086191040013, 1.6559205377995434, 1.8403449143611408, 1.8908238721502744, 1.9348702190563398]
capacity_line:[0, 0.5894013912739572, 0.0, 0.5473189269019071, 0.0, 0.67175410948394, 0.0, 0.6815269409039851, 0.0, 0.5086129524531027, 0.0, 0.7040898824428208, 0.0, 0.0]
travel_distance_line_of_route:[0, 1.3537496799103945, 5.815601850817684, 7.72429948865834, 9.58863465124336, 11.410297363342263, 13.059533869344127, 16.937278006720454, 18.896046473969378, 19.53043726368763, 20.374354418031608, 24.384281595740504, 26.15104511836018, 27.69266726007247]

truck_3:speed_35
route:[0, 0]
time_line:[0, 0.0]
capacity_line:[0, 0.0]
travel_distance_line_of_route:[0, 0.0]

truck_4:speed_35
route:[0, 4, 19, 11, 26, 7, 22, 9, 24, 2, 17, 1, 16, 15, 30, 10, 25, 5, 20, 0]
time_line:[0, 0.07951637021118951, 0.1564465799352195, 1.010378562756221, 1.143836261343375, 1.2962759297745632, 1.3830632765153716, 1.440632417177001, 1.4503509728676773, 1.5220825845258983, 1.6281632334062852, 2.005568911189437, 2.1382485262148894, 2.201112745075981, 2.2763982189459107, 2.385865432581175, 2.436017379392448, 2.6836471735855536, 2.799151512822753, 2.9831310626645564]
capacity_line:[0, 0.625730846124505, 0.0, 0.7164318856282662, 0.0, 0.6147231651185385, 0.0, 0.5953490231125347, 0.0, 0.6919820708121605, 0.0, 0.7370770677329065, 0.0, 0.6896211223340307, 0.0, 0.7466275957461526, 0.0, 0.6692948600375134, 0.0, 0.0]
travel_distance_line_of_route:[0, 1.8617950662918503, 4.5543524066328995, 6.07357609434246, 10.74459554489285, 16.079983939984434, 19.11754107591273, 21.13246099906976, 21.472610448243426, 23.983216856281157, 27.696039567094704, 29.892066450472182, 34.53585297636302, 35.93149832944431, 38.56648991489186, 42.39784239212611, 44.153160530520665, 46.77254507138001, 50.815196944681986, 57.254481189145125]

