truck_1:speed_35
route:[0, 3, 13, 5, 15, 0]
time_line:[0, 3.3612729304195708, 3.3740048883488996, 3.4082259231417695, 3.4337692820690178, 3.449617381395575]
capacity_line:[0, 0.7232724717119364, 0.0, 0.6736195070105919, 0.0, 0.0]
travel_distance_line_of_route:[0, 1.1901248488311849, 1.6357433763576927, 2.833479594108147, 3.727497156561842, 4.282180632991353]

truck_2:speed_35
route:[0, 9, 19, 4, 14, 2, 12, 8, 18, 1, 11, 0]
time_line:[0, 1.3785076188456842, 1.4020569439337205, 1.956743007200329, 2.013546646633465, 2.0568507152909006, 2.15463886835923, 2.7410116221784544, 2.8449511960365843, 3.2919936421566858, 3.406048338498465, 3.4898345692931843]
capacity_line:[0, 0.6738389400927218, 0.0, 0.5795279774447186, 0.0, 0.5294656563110894, 0.0, 0.6004173154009718, 0.0, 0.6289302548269184, 0.0, 0.0]
travel_distance_line_of_route:[0, 2.286834778891171, 3.1110611569724416, 5.028580823555763, 7.016708203715517, 8.532350606725762, 11.95493596411729, 14.409753399761097, 18.047638484795637, 20.522659914225507, 24.514574286187784, 27.44709236400296]

truck_3:speed_35
route:[0, 6, 16, 10, 20, 7, 17, 0]
time_line:[0, 0.10389084311103547, 0.15292794420973416, 1.4542869380546537, 1.5338703039081323, 1.5479980883935833, 1.6005980244940274, 1.6668598793607432]
capacity_line:[0, 0.5605775366917933, 0.0, 0.649899084292574, 0.0, 0.7314412291889251, 0.0, 0.0]
travel_distance_line_of_route:[0, 1.3782577555823217, 3.0945562940367757, 6.403265632794841, 9.188683437666594, 9.683155894657384, 11.52415365817293, 13.843318578507981]

truck_6:speed_35
route:[0, 0]
time_line:[0, 0]
capacity_line:[0, 0]
travel_distance_line_of_route:[0, 0]

