truck_1:speed_35
route:[0, 3, 13, 2, 12, 7, 17, 4, 14, 0]
time_line:[0, 1.550784039030743, 1.66913206852761, 1.7759119936715082, 1.8617781251623806, 1.9790967209687924, 2.1128264371423513, 2.252538184360025, 2.3911519987846273, 2.4592239565930916]
capacity_line:[0, 0.616481891944823, 0.0, 0.6948048912532968, 0.0, 0.5372525300133969, 0.0, 0.638079770743118, 0.0, 0.0]
travel_distance_line_of_route:[0, 0.6372563028243049, 3.0294373352146504, 5.600068048584413, 6.855382650764948, 9.79486683732269, 12.725406903397257, 14.329399661751465, 17.43088316661255, 19.813401689908794]

truck_2:speed_35
route:[0, 6, 16, 8, 18, 9, 19, 1, 11, 5, 15, 10, 20, 0]
time_line:[0, 0.1772367219119723, 0.23631863362703787, 1.4046514755269446, 1.5566995743400747, 2.74819203871122, 2.8689532196192524, 3.1988470794216877, 3.283715579434839, 3.4603063204284057, 3.5542497201148766, 3.6741773084559988, 3.7948709274508396, 3.8379407662073897]
capacity_line:[0, 0.5172376026873082, 0.0, 0.5815778376913749, 0.0, 0.6609554648405508, 0.0, 0.5951489146066844, 0.0, 0.5498042717418224, 0.0, 0.6772445225602063, 0.0, 0.0]
travel_distance_line_of_route:[0, 1.352522457763971, 1.6703893677912667, 5.807495008013734, 9.379178466473286, 12.071980579319042, 14.548621911100179, 17.205010601334394, 18.4254081017947, 19.075713531850024, 20.613732520876514, 23.644531446149134, 26.118808110968573, 27.626252467447824]

