truck_1:speed_35
route:[0, 8, 18, 3, 13, 0]
time_line:[0, 2.7410116221784544, 2.8449511960365843, 3.3612729304195708, 3.3740048883488996, 3.406680288218904]
capacity_line:[0, 0.6004173154009718, 0.0, 0.7232724717119364, 0.0, 0.0]
travel_distance_line_of_route:[0, 2.769195357021219, 6.407080442055759, 8.44064868825323, 8.886267215779737, 10.029906211229893]

truck_2:speed_35
route:[0, 2, 12, 4, 14, 5, 15, 0]
time_line:[0, 1.6625990805450777, 1.760387233613407, 1.956743007200329, 2.013546646633465, 2.9792117278005565, 3.004755086727805, 3.020603186054362]
capacity_line:[0, 0.5294656563110894, 0.0, 0.5795279774447186, 0.0, 0.6736195070105919, 0.0, 0.0]
travel_distance_line_of_route:[0, 2.5547987562172345, 5.977384113608762, 7.7806651946216, 9.768792574781354, 11.018517723935224, 11.912535286388918, 12.467218762818431]

truck_3:speed_35
route:[0, 6, 16, 9, 19, 1, 11, 0]
time_line:[0, 0.1038908431110354, 0.1529279442097341, 1.378507618845684, 1.4020569439337203, 3.2919936421566858, 3.406048338498465, 3.4898345692931843]
capacity_line:[0, 0.5605775366917933, 0.0, 0.6738389400927218, 0.0, 0.6289302548269184, 0.0, 0.0]
travel_distance_line_of_route:[0, 1.3782577555823217, 3.0945562940367757, 5.353006866288451, 6.177233244369722, 9.946387840688532, 13.938302212650811, 16.870820290465986]

truck_4:speed_35
route:[0, 10, 20, 7, 17, 0]
time_line:[0, 1.4542869380546537, 1.5338703039081323, 1.5479980883935833, 1.6005980244940274, 1.6668598793607432]
capacity_line:[0, 0.649899084292574, 0.0, 0.731441229188925, 0.0, 0.0]
travel_distance_line_of_route:[0, 2.123782655211192, 4.909200460082944, 5.4036729170737345, 7.24467068058928, 9.563835600924333]

