truck_1:speed_35
route:[0, 9, 19, 2, 12, 7, 17, 1, 11, 0]
time_line:[0, 1.378507618845684, 1.4020569439337203, 1.6625990805450777, 1.760387233613407, 1.8014416832381612, 1.8540416193386053, 3.2919936421566858, 3.406048338498465, 3.4898345692931843]
capacity_line:[0, 0.6738389400927218, 0.0, 0.5294656563110894, 0.0, 0.731441229188925, 0.0, 0.6289302548269184, 0.0, 0.0]
travel_distance_line_of_route:[0, 2.286834778891171, 3.111061156972441, 4.778693557399871, 8.201278914791398, 9.638184651657797, 11.479182415173343, 16.034150810319844, 20.02606518228212, 22.958583260097303]

truck_2:speed_35
route:[0, 4, 14, 8, 18, 3, 13, 0]
time_line:[0, 1.956743007200329, 2.013546646633465, 2.7410116221784544, 2.8449511960365843, 3.3612729304195708, 3.3740048883488996, 3.406680288218904]
capacity_line:[0, 0.5795279774447186, 0.0, 0.6004173154009718, 0.0, 0.7232724717119364, 0.0, 0.0]
travel_distance_line_of_route:[0, 0.5016100740412662, 2.48973745420102, 5.3131195872113075, 8.951004672245848, 10.98457291844332, 11.430191445969827, 12.57383044141998]

truck_3:speed_35
route:[0, 6, 16, 10, 20, 5, 15, 0]
time_line:[0, 0.1038908431110354, 0.1529279442097341, 1.4542869380546537, 1.5338703039081323, 2.9792117278005565, 3.004755086727805, 3.020603186054362]
capacity_line:[0, 0.5605775366917933, 0.0, 0.649899084292574, 0.0, 0.6736195070105919, 0.0, 0.0]
travel_distance_line_of_route:[0, 1.3782577555823217, 3.0945562940367757, 6.403265632794841, 9.188683437666594, 10.33746022411816, 11.231477786571855, 11.786161263001366]

truck_6:speed_35
route:[0, 0]
time_line:[0, 0]
capacity_line:[0, 0]
travel_distance_line_of_route:[0, 0]

