truck_2:speed_35
route:[0, 6, 16, 7, 17, 9, 19, 3, 13, 0]
time_line:[0, 0.10389084311103547, 0.15292794420973416, 1.5049285918682476, 1.5575285279686917, 1.5674177173397232, 1.5909670424277595, 3.3612729304195708, 3.3740048883488996, 3.406680288218904]
capacity_line:[0, 0.5605775366917933, 0.0, 0.7314412291889251, 0.0, 0.6738389400927218, 0.0, 0.7232724717119364, 0.0, 0.0]
travel_distance_line_of_route:[0, 1.3782577555823217, 3.0945562940367757, 15.358240765206762, 18.780826122598288, 19.126947750584396, 19.951174128665667, 20.479489855804793, 20.925108383331303, 21.1864881953128, 23.027485958828347, 25.3466508791634]

truck_3:speed_35
route:[0, 10, 20, 4, 14, 5, 15, 8, 18, 0]
time_line:[0, 1.4542869380546537, 1.5338703039081323, 1.956743007200329, 2.013546646633465, 2.9792117278005565, 3.004755086727805, 3.0806634319230604, 3.1846030057811903, 3.209477607570386]
capacity_line:[0, 0.649899084292574, 0.0, 0.5795279774447186, 0.0, 0.6736195070105919, 0.0, 0.6004173154009718, 0.0, 0.0]
travel_distance_line_of_route:[0, 2.123782655211192, 4.909200460082944, 5.935925247381249, 7.924052627541003, 9.173777776694873, 10.067795339148567, 12.724587420982509, 16.36247250601705, 24.485376825267895, 28.123261910302435, 28.993872972924283]

truck_4:speed_35
route:[0, 2, 12, 1, 11, 0]
time_line:[0, 1.6625990805450777, 1.760387233613407, 3.2919936421566858, 3.406048338498465, 3.4898345692931843]
capacity_line:[0, 0.5294656563110894, 0.0, 0.6289302548269184, 0.0, 0.0]
travel_distance_line_of_route:[0, 2.5547987562172345, 5.977384113608762, 8.306509327825117, 12.298423699787396, 21.435677211204624, 22.259903589285894, 23.73120543026721]

truck_6:speed_35
route:[0, 0]
time_line:[0, 0]
capacity_line:[0, 0]
travel_distance_line_of_route:[0, 0]

