truck_1:speed_35
route:[0, 3, 13, 2, 12, 10, 20, 5, 15, 0]
time_line:[0, 1.550784039030743, 1.66913206852761, 1.7759119936715082, 1.8617781251623806, 3.444471989649818, 3.565165608644659, 3.649738506034808, 3.743681905721279, 3.791980090249922]
capacity_line:[0, 0.616481891944823, 0.0, 0.6948048912532968, 0.0, 0.6772445225602063, 0.0, 0.5498042717418224, 0.0, 0.0]
travel_distance_line_of_route:[0, 0.6372563028243049, 3.0294373352146504, 5.600068048584413, 6.855382650764948, 8.38955190420974, 10.863828569029177, 12.65721331101773, 14.19523230004422, 15.885668758546727]

truck_2:speed_35
route:[0, 6, 16, 8, 18, 4, 14, 9, 19, 1, 11, 0]
time_line:[0, 0.1772367219119723, 0.23631863362703787, 1.4046514755269446, 1.5566995743400747, 2.252538184360025, 2.3911519987846273, 2.74819203871122, 2.8689532196192524, 3.1988470794216877, 3.283715579434839, 3.3103853772325023]
capacity_line:[0, 0.5172376026873082, 0.0, 0.5815778376913749, 0.0, 0.638079770743118, 0.0, 0.6609554648405508, 0.0, 0.5951489146066844, 0.0, 0.0]
travel_distance_line_of_route:[0, 1.352522457763971, 1.6703893677912667, 5.807495008013734, 9.379178466473286, 9.757451115161857, 12.858934620022941, 15.718166345912854, 18.19480767769399, 20.851196367928203, 22.071593868388515, 23.00503679130673]

truck_3:speed_35
route:[0, 7, 17, 0]
time_line:[0, 1.747834018015518, 1.8815637341890772, 1.8832075514166817]
capacity_line:[0, 0.5372525300133969, 0.0, 0.0]
travel_distance_line_of_route:[0, 2.934393441202216, 5.864933507276784, 5.922467110242945]

truck_6:speed_35
route:[0, 0]
time_line:[0, 0]
capacity_line:[0, 0]
travel_distance_line_of_route:[0, 0]

