truck_1:speed_35
route:[0, 3, 13, 1, 11, 0]
time_line:[0, 1.550784039030743, 1.66913206852761, 3.1988470794216877, 3.283715579434839, 3.3103853772325023]
capacity_line:[0, 0.616481891944823, 0.0, 0.5951489146066844, 0.0, 0.0]
travel_distance_line_of_route:[0, 0.6372563028243049, 3.0294373352146504, 4.512243454260279, 5.732640954720591, 6.666083877638804]

truck_2:speed_35
route:[0, 7, 17, 9, 19, 10, 20, 0]
time_line:[0, 1.747834018015518, 1.8815637341890772, 2.74819203871122, 2.8689532196192524, 3.444471989649818, 3.565165608644659, 3.608235447401209]
capacity_line:[0, 0.5372525300133969, 0.0, 0.6609554648405508, 0.0, 0.6772445225602063, 0.0, 0.0]
travel_distance_line_of_route:[0, 2.934393441202216, 5.864933507276784, 7.317843296336838, 9.794484628117974, 13.18486920048721, 15.659145865306646, 17.1665902217859]

truck_3:speed_35
route:[0, 6, 16, 8, 18, 5, 15, 0]
time_line:[0, 0.1772367219119723, 0.23631863362703787, 1.4046514755269446, 1.5566995743400747, 3.4603063204284057, 3.5542497201148766, 3.6025479046435196]
capacity_line:[0, 0.5172376026873082, 0.0, 0.5815778376913749, 0.0, 0.5498042717418224, 0.0, 0.0]
travel_distance_line_of_route:[0, 1.352522457763971, 1.6703893677912667, 5.807495008013734, 9.379178466473286, 11.124859488617199, 12.66287847764369, 14.353314936146196]

truck_4:speed_35
route:[0, 2, 12, 4, 14, 0]
time_line:[0, 1.5882377923350652, 1.6741039238259376, 2.252538184360025, 2.3911519987846273, 2.4592239565930916]
capacity_line:[0, 0.6948048912532968, 0.0, 0.638079770743118, 0.0, 0.0]
travel_distance_line_of_route:[0, 1.2683096916595562, 2.523624293840091, 4.1659830282705865, 7.267466533131671, 9.649985056427916]

