truck_3:speed_35
route:[0, 13, 28, 14, 29, 3, 18, 7, 22, 5, 20, 0]
time_line:[0, 0.21218708074698134, 0.3427399978952136, 0.9791547427023504, 1.0092640768364602, 1.2704030144339535, 1.3745665571616745, 1.748225166721226, 1.7547398894713444, 1.7682604173532366, 1.809914095405012, 1.8638110107448074]
capacity_line:[0, 0.642610790789975, 0.0, 0.6242430149057276, 0.0, 0.6016233072346634, 0.0, 0.5848775420083756, 0.0, 0.6506711402886366, 0.0, 0.0]
travel_distance_line_of_route:[0, 4.462285183932097, 9.031637284120226, 11.419995709178977, 12.473822403872827, 15.611459518735927, 19.257183514206158, 23.098301222278135, 23.326316518532273, 23.799534994398496, 25.257413726210633, 27.143805763103472]

truck_4:speed_35
route:[0, 8, 23, 1, 16, 9, 24, 6, 21, 4, 19, 0]
time_line:[0, 1.2446376827926886, 1.3339276971276848, 1.3462441751948002, 1.4076279380094796, 1.5229897978137752, 1.5506419448811999, 1.6465448433525236, 1.773261735654155, 2.9643267903446096, 3.0505081102539164, 3.1017894620406032]
capacity_line:[0, 0.5732331867523147, 0.0, 0.6030740298845101, 0.0, 0.6240306232365687, 0.0, 0.5095365949467885, 0.0, 0.6817573862989399, 0.0, 0.0]
travel_distance_line_of_route:[0, 4.173874912469176, 7.299025414194044, 7.730102146543081, 9.878533845056857, 13.916198938207199, 14.884024085567066, 18.240625532063397, 22.675716762620493, 26.84747853469022, 29.86382473151597, 31.658672044050004]

truck_6:speed_35
route:[0, 12, 27, 10, 25, 15, 30, 11, 26, 2, 17, 0]
time_line:[0, 0.16155130193422554, 0.1625444593508429, 0.925816018370382, 0.9413594311698176, 2.0860440928504733, 2.148424593107397, 2.21346470722624, 2.292332210708408, 3.359135123909246, 3.4868291949339136, 3.6781080473930525]
capacity_line:[0, 0.6787118257016768, 0.0, 0.6773228293763598, 0.0, 0.660067921054967, 0.0, 0.5893913346828851, 0.0, 0.5574371569570533, 0.0, 0.0]
travel_distance_line_of_route:[0, 4.774361015361038, 4.809121524942645, 8.214111158494077, 8.758130606474323, 9.734758926113473, 11.918076435105789, 14.19448042926529, 16.954843051141168, 25.373369119578392, 29.84266160544175, 36.537421441511626]

