truck_1:speed_35
route:[0, 7, 22, 5, 20, 6, 21, 2, 17, 0]
time_line:[0, 1.748225166721226, 1.7547398894713444, 1.7682604173532366, 1.809914095405012, 1.9602684960617955, 2.086985388363427, 3.359135123909246, 3.4868291949339136, 3.6781080473930525]
capacity_line:[0, 0.5848775420083756, 0.0, 0.6506711402886366, 0.0, 0.5095365949467885, 0.0, 0.5574371569570533, 0.0, 0.0]
travel_distance_line_of_route:[0, 0.2218507269757125, 0.44986602322985125, 0.923084499096075, 2.3809632309082107, 7.64336725389564, 12.078458484452735, 15.671937032745905, 20.141229518609265, 26.835989354679135]

truck_2:speed_35
route:[0, 13, 28, 1, 16, 3, 18, 14, 29, 8, 23, 9, 24, 4, 19, 0]
time_line:[0, 0.21218708074698134, 0.3427399978952136, 0.9722704528153776, 1.033654215630057, 1.2704030144339535, 1.3745665571616745, 1.4098657900499794, 1.4399751241840892, 1.4557364080155792, 1.5450264223505754, 1.5914136183437493, 1.619065765411174, 2.9643267903446096, 3.0505081102539164, 3.1017894620406032]
capacity_line:[0, 0.642610790789975, 0.0, 0.6030740298845101, 0.0, 0.6016233072346634, 0.0, 0.6242430149057276, 0.0, 0.5732331867523147, 0.0, 0.6240306232365687, 0.0, 0.6817573862989399, 0.0, 0.0]
travel_distance_line_of_route:[0, 4.462285183932096, 9.031637284120226, 10.507865398107372, 12.656297096621147, 14.869984444079295, 18.515708439549527, 19.751181590640197, 20.805008285334047, 21.356653219436197, 24.481803721161064, 26.105355580922154, 27.073180728282022, 30.33388548433261, 33.350231681158355, 35.145078993692394]

truck_5:speed_35
route:[0, 12, 27, 10, 25, 15, 30, 11, 26, 0]
time_line:[0, 0.16155130193422554, 0.1625444593508429, 0.925816018370382, 0.9413594311698176, 2.0860440928504733, 2.148424593107397, 2.21346470722624, 2.292332210708408, 2.487268754909652]
capacity_line:[0, 0.6787118257016768, 0.0, 0.6773228293763598, 0.0, 0.660067921054967, 0.0, 0.5893913346828851, 0.0, 0.0]
travel_distance_line_of_route:[0, 4.774361015361038, 4.809121524942645, 8.214111158494077, 8.758130606474323, 9.734758926113473, 11.918076435105792, 14.194480429265292, 16.95484305114117, 23.777622098184704]

