truck_1:speed_35
route:[0, 1, 16, 13, 28, 9, 24, 7, 22, 12, 27, 5, 20, 0]
time_line:[0, 0.4318722212006294, 0.4587999415286989, 0.49971416203126784, 0.551379425614124, 0.6652202243561763, 0.7744333603302965, 0.8436314190713181, 0.8931120473429784, 1.0198597485902596, 1.1524365634190825, 1.3638221826064658, 1.4755391073704083, 1.6033233768914732]
capacity_line:[0, 0.5764753978867767, 0.0, 0.5496977762348767, 0.0, 0.6479999687592137, 0.0, 0.6810802094943511, 0.0, 0.6979779678804479, 0.0, 0.6455740869598146, 0.0, 0.0]
travel_distance_line_of_route:[0, 2.189071835212946, 3.1315420466953796, 4.563539764285293, 6.37182398968526, 7.750208022395562, 11.572667781489766, 13.994599837425522, 15.726421826933633, 20.162591370588476, 24.802779889597275, 32.20127656115569, 36.11136892789367, 40.583818361130945]

truck_2:speed_35
route:[0, 11, 26, 15, 30, 14, 29, 2, 17, 3, 18, 4, 19, 8, 23, 6, 21, 10, 25, 0]
time_line:[0, 0.4435470592076553, 0.4932902800726586, 0.6283520320192012, 0.7094559012239596, 0.7184181217578837, 0.8238022459675188, 0.8693830002739226, 0.8825571038625024, 0.9139572424746439, 0.9787541597725912, 1.0769271402348766, 1.1521466856869438, 1.2751510031221134, 1.3563834053567336, 1.4343324464171463, 1.505518308624052, 1.5439760371815323, 1.5900124836229628, 1.7333536783276147]
capacity_line:[0, 0.7414619438028415, 0.0, 0.5127430531811091, 0.0, 0.6439105812230114, 0.0, 0.7273074189529718, 0.0, 0.5272361342028613, 0.0, 0.6314067334487946, 0.0, 0.6085439371870125, 0.0, 0.6036636068758916, 0.0, 0.5310329938962309, 0.0, 0.0]
travel_distance_line_of_route:[0, 0.9640148936094306, 2.7050276238845576, 5.622288866690788, 8.460924288857338, 8.774602007544683, 12.463046354881921, 14.058372755606054, 14.519466381206346, 15.618471232631297, 17.88636333805945, 21.32241765423944, 23.955101745061793, 28.26025285529273, 31.103386933504442, 33.831603370618886, 36.323108547860585, 37.6691290473724, 39.28040467282246, 44.29734648748528]

