truck_1:speed_35
route:[0, 7, 17, 4, 14, 5, 15, 0]
time_line:[0, 1.747834018015518, 1.8815637341890772, 2.252538184360025, 2.3911519987846273, 3.4603063204284057, 3.5542497201148766, 3.6025479046435196]
capacity_line:[0, 0.5372525300133969, 0.0, 0.638079770743118, 0.0, 0.5498042717418224, 0.0, 0.0]
travel_distance_line_of_route:[0, 2.934393441202216, 5.864933507276783, 7.468926265630991, 10.570409770492075, 12.109901859426113, 13.647920848452603, 15.338357306955114]

truck_2:speed_35
route:[0, 6, 16, 8, 18, 9, 19, 1, 11, 10, 20, 0]
time_line:[0, 0.1772367219119723, 0.23631863362703787, 1.4046514755269446, 1.5566995743400747, 2.74819203871122, 2.8689532196192524, 3.1988470794216877, 3.283715579434839, 3.444471989649818, 3.565165608644659, 3.608235447401209]
capacity_line:[0, 0.5172376026873082, 0.0, 0.5815778376913749, 0.0, 0.6609554648405508, 0.0, 0.5951489146066844, 0.0, 0.6772445225602063, 0.0, 0.0]
travel_distance_line_of_route:[0, 1.352522457763971, 1.6703893677912667, 5.807495008013734, 9.379178466473286, 12.071980579319042, 14.548621911100179, 17.205010601334394, 18.4254081017947, 20.883920627223553, 23.35819729204299, 24.865641648522242]

