truck_1:speed_35
route:[0, 6, 16, 4, 14, 2, 12, 5, 15, 8, 18, 0]
time_line:[0, 0.10389084311103547, 0.15292794420973416, 1.956743007200329, 2.013546646633465, 2.0568507152909006, 2.15463886835923, 2.9792117278005565, 3.004755086727805, 3.0806634319230604, 3.1846030057811903, 3.209477607570386]
capacity_line:[0, 0.5605775366917933, 0.0, 0.5795279774447186, 0.0, 0.5294656563110894, 0.0, 0.6736195070105919, 0.0, 0.6004173154009718, 0.0, 0.0]
travel_distance_line_of_route:[0, 1.3782577555823217, 3.0945562940367757, 4.806303089094022, 6.794430469253776, 8.310072872264021, 11.732658229655549, 13.831143603167138, 14.725161165620833, 17.381953247454774, 21.019838332489314, 21.890449395111165]

truck_2:speed_35
route:[0, 1, 11, 0]
time_line:[0, 3.2919936421566858, 3.406048338498465, 3.4898345692931843]
capacity_line:[0, 0.6289302548269184, 0.0, 0.0]
travel_distance_line_of_route:[0, 2.8065324635972866, 6.798446835559564, 9.730964913374741]

truck_3:speed_35
route:[0, 10, 20, 9, 19, 3, 13, 0]
time_line:[0, 1.4542869380546537, 1.5338703039081323, 1.5869843838012347, 1.610533708889271, 3.3612729304195708, 3.3740048883488996, 3.406680288218904]
capacity_line:[0, 0.649899084292574, 0.0, 0.6738389400927218, 0.0, 0.7232724717119364, 0.0, 0.0]
travel_distance_line_of_route:[0, 2.123782655211192, 4.909200460082944, 6.768193256341534, 7.5924196344228045, 8.120735361561932, 8.56635388908844, 9.709992884538591]

truck_6:speed_35
route:[0, 7, 17, 0]
time_line:[0, 1.5049285918682476, 1.5575285279686917, 1.6237903828354074]
capacity_line:[0, 0.7314412291889251, 0.0, 0.0]
travel_distance_line_of_route:[0, 0.5487593103674918, 2.389757073883038, 4.708921994218091]

